------------thresholder = 0.01--------------------------------
is dag : False
Final a==b: False
[[0. 0. 1. 0. 0. 0. 0.]
 [1. 0. 1. 1. 0. 0. 0.]
 [0. 0. 0. 0. 0. 0. 0.]
 [1. 0. 1. 0. 0. 0. 0.]
 [1. 1. 1. 1. 0. 0. 0.]
 [1. 1. 1. 1. 1. 0. 0.]
 [1. 1. 1. 1. 1. 1. 0.]] 
 
 [[0. 0. 5. 0. 0. 0. 0.]
 [5. 0. 5. 2. 0. 0. 0.]
 [0. 0. 0. 0. 0. 0. 0.]
 [5. 0. 2. 0. 0. 0. 0.]
 [2. 5. 2. 2. 0. 0. 0.]
 [5. 5. 2. 5. 5. 0. 0.]
 [2. 2. 2. 2. 2. 2. 0.]] 



------------thresholder = 0.1--------------------------------
is dag : True
Final False
[[0. 1. 1. 1. 0. 0. 0.]
 [0. 0. 1. 1. 0. 1. 1.]
 [0. 0. 0. 0. 0. 0. 0.]
 [0. 0. 1. 0. 0. 0. 0.]
 [1. 1. 1. 1. 0. 1. 1.]
 [1. 0. 1. 1. 0. 0. 1.]
 [1. 0. 1. 1. 0. 0. 0.]] 
 
 [[0. 5. 5. 2. 0. 0. 0.]
 [0. 0. 5. 2. 0. 5. 2.]
 [0. 0. 0. 0. 0. 0. 0.]
 [0. 0. 5. 0. 0. 0. 0.]
 [2. 5. 2. 5. 0. 5. 2.]
 [5. 0. 2. 5. 0. 0. 2.]
 [2. 0. 5. 2. 0. 0. 0.]] 
 



------------thresholder = 0.5--------------------------------
is dag : False
Final False
[[0. 0. 0. 0. 0. 0. 1.]
 [0. 0. 1. 1. 0. 0. 0.]
 [1. 0. 0. 0. 0. 0. 0.]
 [0. 0. 0. 0. 0. 0. 0.]
 [1. 1. 1. 0. 0. 0. 1.]
 [1. 1. 1. 0. 0. 0. 0.]
 [0. 1. 0. 1. 0. 0. 0.]] 
 
 [[0. 0. 0. 0. 0. 0. 2.]
 [0. 0. 5. 2. 0. 0. 0.]
 [5. 0. 0. 0. 0. 0. 0.]
 [0. 0. 0. 0. 0. 0. 0.]
 [2. 5. 2. 0. 0. 0. 2.]
 [5. 5. 2. 0. 0. 0. 0.]
 [0. 2. 0. 2. 0. 0. 0.]] 
 


is dag : True
Final False
[[0. 1. 0. 0. 0. 0. 1.]
 [0. 0. 0. 0. 1. 0. 1.]
 [0. 0. 0. 0. 0. 0. 0.]
 [0. 1. 0. 0. 0. 0. 1.]
 [1. 0. 1. 0. 0. 0. 1.]
 [1. 0. 1. 0. 0. 0. 0.]
 [0. 0. 0. 0. 0. 0. 0.]] 
 [[0. 5. 0. 0. 0. 0. 2.]
 [0. 0. 0. 0. 5. 0. 2.]
 [0. 0. 0. 0. 0. 0. 0.]
 [0. 5. 0. 0. 0. 0. 2.]
 [2. 0. 2. 0. 0. 0. 2.]
 [5. 0. 2. 0. 0. 0. 0.]
 [0. 0. 0. 0. 0. 0. 0.]] 


------------thresholder = 0.6--------------------------------
is dag : True*
Final False
[[0. 0. 0. 0. 0. 0. 0.]
 [1. 0. 0. 1. 0. 0. 1.]
 [0. 0. 0. 0. 0. 0. 0.]
 [0. 0. 0. 0. 0. 1. 0.]
 [1. 0. 1. 0. 0. 0. 0.]
 [0. 0. 1. 0. 0. 0. 0.]
 [1. 0. 0. 1. 0. 0. 0.]] 
 
 [[0. 0. 0. 0. 0. 0. 0.]
 [2. 0. 0. 5. 0. 0. 2.]
 [0. 0. 0. 0. 0. 0. 0.]
 [0. 0. 0. 0. 0. 5. 0.]
 [2. 0. 2. 0. 0. 0. 0.]
 [0. 0. 5. 0. 0. 0. 0.]
 [2. 0. 0. 2. 0. 0. 0.]] 
 



is dag : True
[[0. 0. 0. 0. 0. 0. 1.]
 [0. 0. 0. 0. 0. 0. 1.]
 [0. 0. 0. 0. 0. 0. 0.]
 [0. 0. 1. 0. 0. 0. 1.]
 [1. 0. 1. 0. 0. 0. 0.]
 [0. 0. 1. 0. 0. 0. 0.]
 [0. 0. 0. 0. 0. 0. 0.]] 
 
 [[0. 0. 0. 0. 0. 0. 2.]
 [0. 0. 0. 0. 0. 0. 2.]
 [0. 0. 0. 0. 0. 0. 0.]
 [0. 0. 2. 0. 0. 0. 2.]
 [2. 0. 2. 0. 0. 0. 0.]
 [0. 0. 2. 0. 0. 0. 0.]
 [0. 0. 0. 0. 0. 0. 0.]] 


is dag : True
[[0. 0. 0. 0. 0. 0. 0.]
 [0. 0. 0. 0. 0. 0. 1.]
 [0. 0. 0. 0. 0. 0. 0.]
 [0. 0. 0. 0. 0. 0. 1.]
 [1. 0. 1. 0. 0. 0. 0.]
 [1. 0. 1. 0. 0. 0. 0.]
 [1. 0. 0. 0. 0. 0. 0.]] 
 
 [[0. 0. 0. 0. 0. 0. 0.]
 [0. 0. 0. 0. 0. 0. 2.]
 [0. 0. 0. 0. 0. 0. 0.]
 [0. 0. 0. 0. 0. 0. 2.]
 [2. 0. 2. 0. 0. 0. 0.]
 [5. 0. 2. 0. 0. 0. 0.]
 [2. 0. 0. 0. 0. 0. 0.]] 


 is dag : True
[[0. 0. 0. 0. 1. 0. 0.]
 [0. 0. 0. 0. 0. 0. 1.]
 [0. 0. 0. 0. 0. 0. 0.]
 [0. 0. 0. 0. 0. 0. 0.]
 [0. 0. 1. 0. 0. 0. 0.]
 [0. 0. 1. 0. 0. 0. 0.]
 [1. 0. 0. 1. 0. 0. 0.]] 
 
 [[0. 0. 0. 0. 2. 0. 0.]
 [0. 0. 0. 0. 0. 0. 2.]
 [0. 0. 0. 0. 0. 0. 0.]
 [0. 0. 0. 0. 0. 0. 0.]
 [0. 0. 2. 0. 0. 0. 0.]
 [0. 0. 2. 0. 0. 0. 0.]
 [2. 0. 0. 2. 0. 0. 0.]]


 is dag : True 
 [[0. 0. 0. 0. 0. 0. 0.]
 [0. 0. 0. 0. 0. 0. 0.]
 [0. 0. 0. 0. 0. 0. 0.]
 [0. 0. 0. 0. 0. 0. 0.]
 [1. 0. 1. 0. 0. 0. 0.]
 [0. 0. 1. 0. 0. 0. 0.]
 [1. 1. 0. 1. 0. 0. 0.]] 
 
 [[0. 0. 0. 0. 0. 0. 0.]
 [0. 0. 0. 0. 0. 0. 0.]
 [0. 0. 0. 0. 0. 0. 0.]
 [0. 0. 0. 0. 0. 0. 0.]
 [2. 0. 2. 0. 0. 0. 0.]
 [0. 0. 2. 0. 0. 0. 0.]
 [2. 2. 0. 2. 0. 0. 0.]]
 
